4.128799057349080703e-01
5.037578954337430109e-02
5.270125131378455147e-02
9.852677588138808451e-02
9.004468916875515982e-02
2.120193083705975146e-01
1.007581931652423296e-01
4.656084731227125295e-03
1.916083936855575709e-01
3.361713112956422889e-02
6.462633274404748496e-02
6.477153241255401150e-02
7.362429878596066235e-02
8.992544782279587867e-02
2.709534952978364872e-02
6.957244335414664027e-01
1.961283250645065243e-02
5.718167271236597460e-02
1.281897257945649737e-01
1.587618840744584384e-02
1.861168548099493072e-02
2.089966692422659256e-01
1.026600678203018896e-01
1.133021422301535019e-01
8.377402366855296947e-03
1.265771989186827151e-02
4.078987757088089333e-02
3.436811019357023378e-01
1.933004351916885188e-02
6.019122562027183765e-01
9.529536939014672525e-02
1.728702835287847586e-02
7.394295468063525820e-03
2.403576217706671417e-02
3.020369184838536669e-01
8.167620970100483713e-02
2.528850882536733957e-01
2.851902818340020240e-01
2.692914314263127051e-02
3.257629674010965870e-02
8.212681896801611592e-02
3.490736808827367421e-02
1.263229610697639942e-02
1.304745259429044568e-01
1.011221055493942006e-01
1.321739929039774664e-01
2.227582724604285427e-02
7.932340258391344309e-03
5.817419793882656204e-02
1.413818067550862478e+00
6.777365999700327159e-02
1.276113911821448732e-01
3.786447615499354685e-02
1.675285335972608869e-01
6.236240271646230349e-02
8.757221457701776582e-03
9.145476754808248843e-02
6.126898074472134081e-02
1.325655375970079819e-01
7.638874458739716711e-02
2.837025293877803653e-02
2.334338611131707084e-02
4.822862591729247875e-03
1.320233742964644685e+00
7.860782986489383006e-01
7.030572749412309363e-01
6.612081961840763356e-01
6.911495117308520397e-01
7.576980382188126528e-01
1.413567450123021541e+00
2.146680017555285591e+00
1.139202771842567019e+00
1.156465002765840522e+00
9.487261136172426834e-01
1.296335883682699253e+00
6.562054212973249534e-01
9.257133022312824533e-01
7.267227659768287218e-01
8.629174119253002484e-01
4.338388117036682257e-01
8.906542196626108243e-01
2.205894253347224332e+00
1.164883597683294747e+00
1.020986315354659224e+00
5.956194880579036566e-01
6.286935538524941469e-01
6.251646051024403183e-01
1.066661380408058690e+00
1.491139344903639419e+00
1.026806161754568070e+00
7.162331325132991200e-01
9.149302535049156360e-01
7.629572842122077647e-01
9.697195002139086251e-01
8.652166246806430872e-01
1.231145236974213519e+00
1.094476019656953847e+00
6.405355027231711684e-01
9.209609646924215021e-01
1.267240998291078835e+00
1.603961036048730637e+00
9.714697831563302577e-01
8.643909190456710023e-01
1.252075801361536067e+00
4.619651079858052012e-01
8.452211253820227643e-01
9.591061726013901945e-01
1.130365067045534522e+00
7.581316866160567880e-01
5.367331810098804334e-01
1.218285451380205497e+00
4.989365564322440494e-01
1.155220805162997300e+00
5.712020535677829747e-01
4.905303430444012958e-01
1.334680776900299515e+00
1.570387973989039621e+00
7.860440579088829871e-01
1.162557574550713513e+00
9.352995780421845540e-01
8.564076974036454182e-01
7.847349840432069623e-01
7.107865805730841924e-01
9.767475101855802588e-01
1.518685708598858319e+00
3.512158464376942679e-01
