2.869238373636346928e-01
6.928847192893666795e-01
1.807458767133028887e-01
3.527618251519994835e-02
1.053965844926610107e-01
3.648559789176063217e-02
4.361498929505806636e-03
1.969112241783965017e-02
8.902243818614983747e-03
3.406090708528895505e-01
6.048763640704326455e-02
1.105128419358015167e-02
1.715785882540167562e-01
8.943158316657213724e-01
2.245431214001696041e-02
5.279429237194465871e-03
2.562632485563185458e-01
1.474821699740023161e-04
2.268951813931376245e-03
4.486771782904855899e-01
2.815552318478700824e-05
1.784806634180410856e-01
7.867524183230862863e-04
8.959036523073470037e-03
4.545549277827427479e-04
1.783221265776438191e-01
1.041492303971447604e-03
4.310341917341736773e-02
2.421702941589698108e-02
5.012147340080654878e-01
2.096040824979166547e-03
5.936578402810300387e-03
3.422305053533773456e-01
1.015929277094026242e-04
7.863671912438143516e-04
5.232756910200812373e-04
2.974171257599502946e-02
2.579407096469776839e-01
1.994491267673263388e-02
1.168643668051207590e-01
2.089941208329204603e-02
3.221130789669761438e-04
5.916910417122923926e-03
5.050973306653612493e-02
2.956601558139700364e-03
3.307677378274330449e-03
5.011915343400715761e-01
8.724322988568823656e-03
1.147751384366895539e-03
2.934039333735775079e-01
9.111383405382891265e-01
3.798265555257485104e-02
3.576243439992923823e-03
7.369260735082929781e-01
4.486046326518681737e-01
2.363533191590257675e-03
2.463769581796751776e-02
1.418147265598955313e-02
6.186388321069506398e-04
1.479397514380347695e-02
1.060190298630905051e-04
3.268457085898615697e-03
1.501453818953738494e-02
1.903039684264436759e-01
2.676616945257590452e-04
7.538185782316727535e-01
5.886819398867115067e-04
1.232504501599833652e-03
3.222583412691336358e-02
5.234091909819932678e-03
4.822728609280790835e-03
5.683366113821083920e-02
1.716737099868814904e-03
2.098595044242004271e-01
4.543644943053286589e-01
3.435291933185488015e-04
1.374874247658563683e-03
5.422729909245906478e-04
6.084196845019803311e-03
1.838669712068152773e-01
9.661341002812467993e-01
1.269694555707199801e-01
3.218119293582485875e-04
1.713233884391009414e-03
1.650619924098676466e-04
8.798420540605636150e-03
7.277508995983991702e-02
4.162674293305582509e-04
4.272992575528061603e-03
2.254159156148875885e-03
3.067930789938539959e-01
3.549577953742655279e-01
1.181125011130822926e-03
2.729795501804673473e-03
9.777095233146506637e-01
7.399639593396966086e-01
2.346072110481570443e-04
1.738273812452007308e-02
1.404869800301877282e-03
1.459708251295653292e-01
3.459678485164862597e-03
8.753310819349718885e-02
3.131040832561249321e-01
1.600132460286829428e-02
1.800143530489508800e-02
2.405589824964306581e-03
3.841837510411343689e-03
7.478969973485650189e-04
3.487536698569365656e-02
8.774422175608916769e-03
1.279774909552731932e-01
1.427585060332718897e-04
1.671953066043691460e-03
7.316716216547849982e-03
3.419603486693747162e-05
3.685949490783851489e-03
2.343479900098188184e-01
6.679728319955055584e-06
1.782677831155590406e-02
6.394562653923459017e-01
9.853186474764143632e-05
2.259181412071658776e-03
3.732765265601223608e-03
1.799363758258002433e-01
1.428842539335677952e-01
1.497326862114879698e-01
5.710876004725185667e-02
3.519206281426016103e-01
1.996714805178366383e-03
2.318909934808024986e-02
2.454711059283855214e-03
7.897719155903402261e-03
6.720518629315741510e-01
1.692988401687398406e-02
1.159379606726860731e-02
7.179675126037159127e-02
5.422681689342336193e-04
3.748739109082566134e-02
5.599628898861045730e-05
6.920469692276288000e-04
6.254821089641004507e-04
7.141735604233358237e-02
4.269695110495280027e-02
4.496475562769904240e-03
3.687233361320628846e-04
1.973491031531358377e-04
4.765795871782082041e-03
3.931517316827960393e-03
8.802886047374282232e-04
2.742115577256701298e-02
6.735910963190831768e-02
4.076683725117188461e-05
3.570703007909827899e-03
8.439662277701658500e-05
8.178957440080044661e-01
1.616435051735460038e-01
5.785764721998883954e-03
1.103629525447994543e-05
5.107714891130447389e-03
1.604231486613159289e-03
5.189093699077779176e-01
1.676396255119290846e-03
7.449618700752754571e-05
3.053493178443920583e-02
2.461251091812019162e-03
9.207211869329087195e-01
4.475240420394232567e-03
5.154600152098185242e-03
1.438274732627279914e-05
7.126390989141757025e-03
9.523711898711931939e-03
1.903369447345728757e-02
5.668524235670118205e-01
4.274919857300144357e-03
5.069624530900386228e-01
2.959822247335555101e-01
6.113178663686621439e-01
5.848365199266267189e-02
1.177464697246928260e-01
8.552937367998964674e-03
1.470176412761265393e-02
7.743061182379162855e-02
6.120234445471918472e-02
6.117393480615676213e-03
7.542827466436368145e-01
1.989232523045105557e-03
4.970934659363745447e-04
1.324683664924783955e-01
3.561446032867991978e-03
3.708752410710352068e-03
1.386578737303143470e-04
2.180817720130196619e-02
5.155016942082864088e-03
5.885200499723072538e-04
1.581580512927225346e-01
2.339654794632419637e-04
1.015877453985032826e-03
3.045700206395932086e-01
6.550144812396662131e-01
1.617578930751940591e-01
6.645778867965271286e-02
3.296357475661898517e-02
1.307565436463260442e-02
3.883179901729644917e-02
1.615073581352908724e-02
4.446581607853613005e-01
2.562270545800118815e-01
1.344109575977817106e-01
2.571764201096336105e-02
2.133919554656448989e-02
2.670133519569256424e-03
3.026328934947234857e-05
4.105942405312677096e-02
1.079881825373010251e-01
1.443476364530717759e-01
2.332711808358416822e-02
6.834317409871829008e-02
4.002305848789990822e-03
3.868451407158498938e-03
5.563355779389950184e-01
1.050283675481016726e-02
5.966488686772110361e-03
2.874295461263749046e-02
7.066454113458715304e-04
3.514993504554496662e-01
4.062476294005549216e-01
3.295911036822066209e-01
1.469891345532680152e-02
3.657814775684161985e-03
6.489767104866128386e-03
2.149064465074906061e-01
7.605867144657411927e-02
6.681282109962725750e-03
4.876248757127854550e-02
1.779964087290527019e-01
1.406542546771785696e-02
1.960350959980401708e-02
1.790773146961891771e-01
4.094909729229048029e-02
1.900656017075447147e-04
3.757224439263343041e-02
3.758304077392899539e-02
8.759673786001976117e-03
1.607884685622137239e-02
8.463043426195084040e-02
9.886463525833855126e-01
2.873098495281791176e-01
2.481290091687115285e-01
5.078948103028395333e-02
8.185309418856322183e-02
6.234645471015677620e-02
6.370187562222202615e-01
6.284761998963905557e-04
4.490269782283611011e-04
7.781807670546855848e-03
7.121633723015174944e-02
1.167460886363924089e-01
1.330540068278426163e-02
1.751483907284822651e-03
9.734956245283394737e-06
1.159196770515980718e-02
1.306268040110748208e-01
1.675255665213961937e-04
2.618837616779219335e-01
8.324740957453352630e-02
1.027869111255790696e-02
3.900304612668085806e-04
6.107284625435276393e-01
7.708627172362610136e-02
1.336623334424935812e-02
5.271984939070124832e-02
8.934573575839653212e-03
2.784986324599565254e-03
5.224168605232243356e-02
7.825795001587939823e-03
2.363771172852169658e-02
6.621437154496383204e-02
6.531853222992739516e-01
3.708660895309349014e-06
9.298572105282300326e-02
6.546191072125521204e-01
1.336998891588594696e-01
1.004045861562224140e-01
7.174683097111098085e-02
6.710064589744427210e-02
2.897761090260178238e-03
7.370384025976163267e-01
1.790266252796309521e-01
1.738153597305750198e-01
8.809547422566293626e-03
2.814627437426267943e-04
6.658772729548347816e-04
1.221067105868367808e-01
2.817546022258772542e-02
1.534341142985272133e-01
1.094163384549571731e-04
3.408977076598597167e-01
1.257405480946222856e-04
9.277117593283723887e-03
8.639283296613776281e-03
1.058490950009114001e-01
4.537305651318241373e-01
3.021919543817977710e-03
2.373757667426602824e-02
3.439814553194436679e-03
1.007843102544479899e-04
5.658588704294859051e-02
9.158934275484373680e-03
1.308709604504940983e-02
1.024719683506984625e-03
1.857567437661605536e-01
4.166873547927031954e-04
4.577936939943088451e-02
1.663443417315127459e-01
4.198170015904929240e-05
4.077496359931100448e-03
2.057286296280276539e-01
4.700923658884652648e-03
2.403656736921617559e-05
1.948421804581285154e-03
4.798402566026709060e-02
1.900181980190724729e-03
6.192481205866825489e-01
2.282309003328200723e-03
2.310174063443538178e-02
1.264206476240970281e-02
1.908557534348879342e-02
1.306377346120396455e-04
1.562687517553068214e-02
1.623620115370224826e-01
9.673261863992832846e-03
1.349337466531240438e-03
1.180602471344044668e-01
2.055774279996800498e-04
1.876259486622229300e-01
5.027687741802803201e-01
5.589303084811169699e-04
3.015443723209807459e-05
6.294628106688320290e-01
6.678759195103709523e-01
3.246184760921953994e-05
4.607295756832530207e-04
9.698668162881581012e-02
3.283622757173987935e-03
4.905759034639533556e-01
1.707146200696244842e-01
3.425192116615493609e-01
4.649818383874583239e-01
6.751233929316979854e-01
8.308324468737303403e-02
4.402441656775325199e-04
5.068907639529844911e-01
7.221734244458846339e-05
1.780050554560455578e-02
9.460394759711554524e-01
3.183898323193968399e-02
9.420356150327461320e-01
9.559413792319101932e-02
1.050536842441539415e-01
6.687161391565217810e-06
1.943870491601890023e-05
2.605551709406430105e-01
9.969339466896477431e-01
6.016338611713692996e-01
1.356659637307217059e-03
6.969732646957074469e-04
9.512414661850836142e-04
1.640846355595020345e-01
5.714637491825130811e-01
1.509589088353546034e-03
1.928577075530676921e-01
4.442720682142985156e-02
6.960466053673538545e-01
1.186350245780755520e-05
3.485328803768139062e-03
2.366938115055328346e-04
1.539768241565101781e-01
3.399575571124893725e-02
9.867746444951459514e-03
5.973649252259769504e-01
2.164495077251573085e-01
1.057103288273530690e-03
1.643269695291219024e-01
1.211174388682943748e-02
2.545559330479238436e-01
9.980914473198249093e-01
1.010260719331942426e-02
4.923117783224214292e-04
7.679301238313418487e-01
9.713528881374613455e-01
1.818660704660189078e-03
4.014924019387166145e-04
1.054150259546547119e-01
6.531817847569445709e-03
3.158294724229853898e-03
2.691202015579887696e-01
2.159989341729371889e-02
3.431719956013613848e-02
3.182256842556313581e-02
6.378191700128243991e-02
3.143463538294415383e-01
2.651204378188529720e-01
1.695497066380359942e-04
2.843003089243159934e-03
1.365509639403933114e-04
9.891250596026618380e-02
1.488970070048408201e-01
2.877134458095888248e-02
1.358879377609577555e-01
1.360242439308576023e-01
5.372180190524490119e-03
6.180332828432273662e-02
5.880923720851629621e-01
3.972310908162160654e-03
6.202658384394947079e-03
1.178076266613383577e-01
4.509751408061101197e-01
5.744361266846464108e-03
1.431027578513714184e-02
5.601644035351975061e-03
5.427751478859636075e-02
1.396057020548932591e-03
7.079433780950523426e-03
2.232728998748643209e-04
2.639442234511705284e-03
2.552430773376837894e-03
2.967695025271357631e-02
6.902345219092480971e-03
5.911828370180210318e-03
9.372990097157432032e-01
9.711707699265297311e-01
4.326553595961827453e-02
1.087487341792949952e-05
2.213261149390285606e-02
2.442021825430533422e-02
1.853664339686335576e-03
1.427267864846301117e-02
7.087820844374709273e-01
1.814790663758087709e-03
2.731949858741080650e-01
7.064953649254670544e-03
1.518421720789258078e-01
4.426446087525136882e-04
3.919855764391361186e-02
1.770479854343235413e-03
1.201394736934622426e-02
2.600994062648097783e-03
2.162197174664188745e-03
5.592331802139877388e-04
7.609295098820342829e-02
8.075635740669535878e-02
3.116489485979966889e-01
3.327542637918633889e-02
8.674684902116328034e-03
4.446101802670836961e-03
1.530821331878172153e-01
9.374887059314117588e-01
6.552556095894465638e-02
3.730317741909449508e-02
2.121035288681530784e-03
8.712459583731924431e-03
3.932045679603746180e-02
1.588324000353130358e-02
2.230216293053062862e-03
6.189628476878450761e-04
2.492583236249052217e-02
3.703414316511964999e-04
3.603195552907291488e-02
7.956265812540970483e-02
1.087089989341357603e-03
9.731467333923667085e-02
9.707179698058063244e-02
4.375954617845961175e-04
5.145322970703178345e-04
8.416595600544000619e-03
2.239835199294753221e-01
2.073530308483129830e-02
6.426558082592329080e-02
7.263067913006344793e-03
8.142134367363899373e-04
4.694865156851563311e-03
2.958066919009652313e-03
9.558043816122891714e-04
1.407558178315641492e-02
7.808564493152646557e-01
2.154992066478957427e-02
6.608433788824590212e-03
5.038393527401643368e-01
2.725709395514407021e-03
1.211978944964485217e-04
8.308330963043242257e-01
1.712473028531317498e-01
1.040256083426372019e-01
2.093646424790183980e-01
1.108362615079108601e-04
8.779561228591064442e-03
5.956186299338106852e-03
1.311441787212718098e-02
8.402154630174297756e-01
7.253208151962884580e-05
9.616571569869612410e-03
8.664613519759982452e-02
2.016399516008093515e-02
2.290532192155840912e-05
8.642140930397536336e-03
8.435995995152408347e-04
6.620233085666915596e-02
1.621125695722260354e-02
2.128892328101134879e-01
1.184142715564260179e-01
5.261588487817453474e-01
9.493046724642669743e-01
2.702233003820344280e-03
8.000861851305712813e-01
1.956000814715412595e-02
7.334804729743565378e-03
1.169961094631015875e-03
3.236938834257376257e-04
3.393581459042545045e-01
1.324419466422965212e-04
1.221821033340048518e-01
1.127223613912858580e-01
2.026140070907460344e-02
2.903182367285861987e-01
5.102633372031083470e-01
1.044994366557565812e-03
1.780001852619590708e-01
2.132504442081916394e-04
1.483384951612586974e-05
2.151112295689350338e-03
8.294209066626314145e-03
1.295937401346141174e-02
1.438176839350015050e-03
3.594309197474526152e-01
2.442705589236170149e-03
9.739852323690093572e-01
1.404415155003210357e-03
7.708013306027832953e-03
1.015786716198815824e-03
5.926978060243091179e-03
5.117500313601966097e-04
4.119851272519794438e-01
4.252586712592199480e-04
5.474679274577328413e-03
8.521981463856098671e-01
8.446721873748734089e-04
5.197585585185716082e-03
1.456653684767526824e-01
1.114587463367809894e-01
1.191873076145710635e-02
3.085213945798865692e-05
3.466442869310791129e-04
2.947426855582048477e-02
2.764394444727244276e-04
6.339020782248019729e-03
2.029592829131060885e-03
1.690213989009619515e-03
2.045483568192175885e-03
2.359770107021939671e-03
1.123423752206935107e-03
3.874468113306701314e-04
8.565268758169994334e-02
2.637830118408641122e-01
2.759049984615127350e-04
8.405333923690812004e-01
1.224129968793381401e-01
2.266196376613336186e-02
9.352678708096830856e-03
1.010147374660846703e-03
3.952199282758127041e-01
1.671515412750386453e-02
6.352306127934865231e-03
8.867196296674364694e-04
8.106586756716820386e-01
1.210418295287481877e-01
4.034440283156168899e-02
3.229755588479090497e-03
1.111898441493657976e-05
2.798008298159960355e-02
3.091438511312125624e-03
1.328472563483660369e-03
2.789783088571220343e-03
1.066061227592328078e-04
2.416164867724378829e-01
3.081295303598911590e-03
6.512982404781522128e-01
1.333607158142644800e-01
2.392830092881310933e-01
2.559814322209845710e-03
3.072679365179600830e-02
8.276208472330655042e-01
4.042913460699746990e-03
1.841829122677137581e-02
8.770499878088494627e-01
2.774174796977845261e-02
2.306251123479406923e-04
1.865268658370485000e-01
1.688422762601105021e-02
4.434361121416152685e-02
1.167099236988593386e-01
3.166019356823233932e-02
3.032443371049755383e-04
1.265723948705918360e-03
1.650189637541085441e-01
6.450822656142207734e-01
6.472502934068392888e-02
6.111277878333196134e-03
3.512647050699622270e-02
5.263676654617446306e-03
1.900717008914366108e-03
2.369378189455061123e-01
9.676872100741181759e-01
5.124831060190239559e-04
1.344234160308834056e-04
3.070696892285037019e-03
8.589470636738014836e-03
6.462962040176244323e-03
3.078459902153905911e-04
5.165844912756704238e-02
4.292708531231969049e-01
9.604238461291465523e-01
1.010633889522472755e-03
1.515460255063300066e-01
2.218206864650588289e-04
2.479905676127812375e-02
4.738302248573877939e-02
1.267804412565379235e-01
8.712629383531826643e-02
6.216619834760070962e-01
1.282342325321324033e-03
7.086295360110104330e-03
1.527019301988417031e-02
4.102716279111381925e-01
1.989055111827313512e-04
9.341244313311965197e-03
1.368432283615497975e-05
2.121381101944167392e-03
3.380211905605041197e-03
3.286226033246894117e-03
1.838441187515341916e-03
3.514318098607202567e-01
1.254024404302430774e-05
5.756993726221384250e-02
5.362606808509631654e-04
3.590500943901999559e-02
9.341963851188871777e-04
2.253759913965515949e-01
2.550251106670788914e-01
5.411357520506077101e-01
1.088394684013006299e-03
8.324148554666134237e-01
5.195769163075173447e-01
5.449769513416881095e-01
5.328544299024404358e-03
7.012454877807943188e-01
2.490034397856499826e-03
6.881215179564054152e-01
3.109674693469695675e-02
3.459008742011396732e-03
2.629494330225424644e-06
4.658744018080915490e-03
3.984093475426036396e-02
6.133840304885191524e-03
3.928307802578187014e-01
1.240637970983021476e-01
1.573172602919014479e-02
1.330772674140769931e-03
8.863105991048533805e-02
8.137789927720043281e-02
2.525293321258502699e-01
2.133108903338627182e-01
1.868875901639666937e-01
4.246888995205010953e-01
1.352653710520622041e-03
1.049296088150678940e-03
5.000553115466254209e-04
6.903939655489099714e-02
6.597358924766913990e-01
1.192799591923683483e-01
3.151570778168970022e-01
1.359533894464534376e-01
4.282469958472341761e-04
5.062613475538210901e-03
1.987307303008177192e-02
6.798852494916919342e-01
1.874930169464752647e-02
5.753577646580753102e-01
1.156670918949814254e-02
4.052790520598967966e-02
1.084080777437348812e-02
3.068861437417038096e-01
4.725708641269684568e-02
9.785442773865941912e-02
3.210382630310507079e-01
2.120700793579521209e-03
6.160032998013844491e-02
5.268038544833741552e-03
9.675924240375124617e-05
3.745764028915828884e-04
1.631314991339810399e-03
5.555926777581632206e-04
3.719795316825556808e-02
8.555293709197456242e-02
2.258479102019111777e-03
5.568425914692216178e-02
3.000342196791418257e-03
6.450931298657391899e-02
4.420677615221559921e-03
1.356169211582908263e-01
3.871757126383688647e-03
9.996590918248604574e-01
2.160287352292632884e-03
3.934241322420296838e-04
1.397299878349324764e-03
7.146567995355694938e-03
9.823190692229558652e-01
1.080778963587027564e-03
2.781136788411080474e-01
1.005221534161108016e-01
3.916229020539770400e-01
1.559997278706549417e-01
1.812168121446662838e-01
1.998581933513165210e-01
9.617979740881832385e-02
2.322129733125023049e-02
3.933371345169476944e-03
2.622145690883520217e-02
1.479733723411213175e-01
1.341649449558900975e-01
1.295831263901780312e-03
6.358546416143562828e-03
1.153453316069314068e-02
1.739789197184074849e-05
6.277391380052521792e-03
2.239203926877998130e-01
9.902399507191943923e-03
3.591797078834497829e-03
1.010856021070558330e-01
2.635041008314923938e-01
8.960272155193457766e-02
1.870129483125649306e-01
2.331374570212393080e-04
1.252640138965702699e-01
3.961293211129709481e-03
4.967458297829249053e-02
1.223211747197102892e-02
6.167126600650595092e-02
7.855780698197900591e-01
2.400402579705838719e-03
9.001370376253758909e-03
2.977725349147415917e-03
5.737520225695912357e-01
3.157084412249296329e-04
1.769908452875184994e-03
1.650510278696393496e-01
9.073316987378770649e-04
9.352829671062604655e-01
4.070623375526692955e-01
1.867345024686013211e-01
1.072275322428210310e-02
7.297085259668745737e-03
3.452789564092149932e-02
4.158023482792571057e-01
6.683746646940261194e-05
1.942430592301331096e-02
4.536338462361087093e-02
7.706306330250381476e-02
6.356568892001058894e-03
1.430283631364803396e-02
3.814552031493030348e-01
5.006292553092585029e-01
1.943680816453779714e-01
2.693215964246721827e-01
7.738995409544909031e-05
3.441513181565966683e-04
2.389376160523323800e-02
3.363475997977427578e-01
3.720576859314043711e-03
9.213712016777741987e-02
1.423921738893359776e-03
1.393516886964415785e-03
1.477631607198741717e-02
2.402301461830587959e-01
3.482263873961743018e-03
3.773791257780782088e-02
1.376411859354737324e-02
1.419455658083457195e-02
8.534967108160323654e-05
4.917051867473283266e-01
9.767842406083072221e-04
2.849853911132501152e-02
2.584632488441783449e-02
1.806387851603850625e-01
1.157363563496200537e-01
2.286600088728868163e-01
5.765946701914738404e-02
9.162113567931848409e-04
1.804943704512755598e-01
3.980389055891628280e-02
4.714079281949165763e-03
8.950050063372075196e-05
2.245859370910972819e-01
5.873886332637678898e-02
1.307986519856110287e-02
1.279780120467402440e-03
2.034042807152923124e-04
6.833695144705528302e-01
6.255398036451777916e-04
1.826811844848048416e-04
4.415172873594634759e-05
2.544818437973558889e-02
2.478799446084252733e-01
4.297420662088045559e-03
7.941546832254279265e-01
1.918754521237037991e-01
3.271281661326366080e-02
3.468630724880442887e-03
8.659314474106447057e-02
4.913042382128545577e-02
1.780890599488773041e-01
4.352704835792007426e-02
1.883362954593336899e-02
6.956542143193528149e-01
1.558544240289344573e-01
1.418053162336490778e-04
1.227856414094985341e-03
1.818317036791358438e-03
6.346371027734772985e-04
7.803930150434712498e-02
5.402550323980845578e-06
1.671392045004320643e-03
7.045584583764151476e-02
7.150369689299700127e-02
9.655597277034354553e-01
3.625230766263965918e-04
3.121740997418956907e-03
1.243830334491686975e-03
2.715076153220856572e-05
4.407822016932129439e-02
9.592527437515670219e-02
3.548564558442981998e-04
9.867602890933482307e-01
8.072207152379162970e-04
4.980373845308501976e-04
1.613068932627797353e-02
9.953055179289005405e-02
8.880519044108754756e-03
3.512610529306715024e-01
2.956961052167753068e-01
3.221506418884915318e-02
1.391975374912334191e-03
1.324837494843217334e-03
8.075797319970586712e-04
2.613364000171043422e-01
1.106192910636679544e-03
2.157536267993483484e-02
3.861413703455267993e-02
6.923757880073088122e-01
4.213814598477890749e-01
1.221136821688561386e-02
1.913714870023969505e-01
2.608778404642297932e-02
9.116599845663262910e-03
8.323532689681703046e-04
6.713890024775906072e-04
2.061424849666106639e-03
4.955547353118390230e-01
9.806388723189186918e-02
7.402833958466659148e-02
4.110515287641570981e-02
4.632315509743504915e-03
3.710769546937213725e-01
3.821494205617226737e-03
1.312709372672033262e-02
2.295502155476756515e-03
1.199647959809944605e-04
2.119210768225326946e-02
1.806456723027894716e-05
1.160998520510224440e-03
2.756081455376136954e-02
2.875693096525698197e-02
5.331615147128755672e-02
9.792857548723138406e-04
3.070217117774797703e-04
7.902577767980797918e-03
2.914891608944156567e-02
7.133791379175818959e-01
8.379332913506882738e-03
1.479159197772350956e-02
2.243564999743769136e-04
4.203691404006236303e-03
1.292174501656897384e-04
1.924941225589141876e-03
4.512662033856321142e-02
3.699458188292831240e-02
2.634209552830802381e-01
5.376845689260402184e-01
1.280665242063896330e-03
2.669033771548405803e-03
1.475503222123933644e-01
6.074878075596488319e-02
7.000386178831232743e-03
4.168920342592526401e-04
5.241959655235069356e-04
5.010452439130629737e-03
1.260333504774630020e-02
1.350062589193211371e-02
7.249653194199745521e-02
8.068835493129780101e-01
5.057327993305952285e-01
5.031953770834552558e-02
2.269272209773430526e-02
7.226615944936230773e-02
3.861930221684442929e-06
4.043951722736085497e-01
9.528870912388671677e-01
9.127753212582034870e-01
1.513681465438721785e-01
2.013457303983774314e-04
6.848139139481531842e-03
2.545529546746749458e-02
5.180117518360481850e-03
4.122586930031679081e-04
1.657476671012080016e-01
1.935479451065608408e-03
4.970278486725090636e-03
2.036586856743346705e-02
4.639060646349528125e-03
2.838425205616025571e-02
6.580324044813133698e-04
1.380947355642646313e-01
1.016710299146343296e-02
5.424032092739578675e-03
6.103771934078819905e-01
9.011464247209588496e-01
6.620388685840622456e-02
4.455481270822825822e-03
6.723373098953804028e-02
5.886234331996717506e-05
6.213908513168494574e-01
1.285315687345741070e-03
1.454816005687306624e-01
5.209896912118875401e-01
8.415382959968130683e-01
3.288440814070355944e-03
6.292580424013086704e-01
8.495008444576722731e-03
5.041788462039712435e-04
2.442875741882843607e-02
4.353813818642058220e-04
2.478165708079313745e-01
1.989551323198960020e-05
1.994539615767103628e-04
1.685845402029024272e-04
3.881933059435375413e-04
1.883710601847323959e-03
1.021792780824310881e-01
3.954599052016265909e-02
2.178041693305454163e-01
1.772079113702736131e-02
9.173360456658675721e-01
7.581087616487051928e-02
8.939398402955441459e-04
7.212849065943207618e-04
2.470833660690971156e-01
1.086855955776165015e-04
6.367038942390100195e-03
1.682287382450651852e-03
4.272364796765438740e-04
2.196840628283564800e-01
3.164630537771329836e-04
3.235432529287197712e-01
1.571576875622058833e-01
5.866788102515105296e-03
9.258782239855874435e-04
1.424707228632733913e-01
2.796438262482079939e-01
1.927213301371089732e-02
5.417212775870555719e-02
1.407921659259714874e-02
2.128163726206005676e-03
4.643405500927125056e-03
6.133017112966591749e-04
3.858112665001937197e-02
1.177016462774701793e-05
1.439909350290201860e-02
1.875276968226567817e-04
5.697381067945330411e-03
9.350990373752218199e-01
3.600799217876615721e-02
8.135459195869037402e-03
3.620615761079398927e-04
5.909452054556360232e-03
5.416819260376432715e-02
1.841701775770005368e-03
1.910853158869449397e-02
1.217333306386719771e-01
1.793529088029220230e-04
5.937513014654335203e-02
3.071799957139456638e-01
9.968395581138406181e-01
9.304080054595222915e-01
9.901744831504313282e-01
9.870293363936465392e-01
9.904951423992229831e-01
4.723487976201294902e-01
8.342263216117776770e-01
9.004737325799005987e-01
9.970124271706080066e-01
2.989979128794237884e-01
9.629122082179383257e-01
9.614825253051394460e-01
3.628402477144932470e-01
9.973047056707721181e-01
9.813122367649683708e-01
2.646731275095269842e-01
9.863159831079694184e-01
9.551952239455648863e-01
9.701345759711006433e-01
9.590548183853140340e-01
8.595613386090931174e-01
9.993487192571388622e-01
9.909794459456214843e-01
5.678828671306491715e-01
9.838111885568626702e-01
9.682094749263053801e-01
9.197758850686619247e-01
9.582633601212866559e-01
9.892639771931390769e-01
9.076509453110753745e-01
7.973351164444381078e-01
9.845155986640178325e-01
5.866751486564434348e-01
9.948690403442838059e-01
9.995991394572175670e-01
6.624173410811158291e-01
9.950416168916744741e-01
6.646262702033634007e-01
9.720280591106111867e-01
7.538460655076034689e-01
9.347762899581220086e-01
2.994197020440766410e-01
8.479928648232826216e-01
9.763863613167544919e-01
4.859931982139110707e-01
9.474150726928797228e-01
9.493537753465194351e-01
9.513489748940827662e-01
9.978432100693175322e-01
9.984529264735191312e-01
9.757430852653847797e-01
8.565546815037193840e-01
7.105109450372399937e-01
9.930460517392135644e-01
8.791071740279793323e-01
9.713664507234029966e-01
8.176010155158143222e-01
7.790375431642488913e-01
9.990520476681271633e-01
9.256026102175334280e-01
9.910123390079154104e-01
9.890303489606597775e-01
9.969552070148715028e-01
6.334068743885780117e-01
8.277700368401058606e-01
7.731017468888395916e-01
2.583820923224540156e-01
7.267805339097332951e-01
9.521073149451909634e-01
8.753268861607683693e-01
6.132871671515213174e-01
8.680952751585698790e-01
9.537590841621971238e-01
6.291573646135411035e-01
5.962575164353685064e-01
9.975977633735341188e-01
9.201522340795359467e-01
9.943757701628296308e-01
9.471117233151409298e-01
9.995617430590746366e-01
7.863692860422808462e-01
9.797380778217700259e-01
9.607438592015051793e-01
9.797190065135302772e-01
8.810783646499228405e-01
9.447598370443673899e-01
6.017689137096795537e-01
9.328466566994911835e-01
2.644472753563269496e-01
9.452352602159703743e-01
7.765968318527161074e-01
3.362349513016932301e-01
9.928071091639113499e-01
7.975316349176209130e-01
8.741231587437731099e-01
9.460332396480012340e-01
9.020218630923275693e-01
9.480798647573202009e-01
9.940821222424650605e-01
9.574903736582585090e-01
