5.086071022647745826e-02
1.994223021387738215e-01
3.897097920846180619e-02
1.110477188077900641e-02
1.283651211672113580e-02
4.266440390975725569e-03
1.235455245180547843e-03
5.410381483170477283e-03
3.156948610120714066e-03
5.463660945180497108e-02
1.739894918061776763e-02
3.156523435032403818e-03
4.689518599628028639e-02
4.159382807480435096e-01
8.393195566747661818e-03
1.560831011292059889e-03
4.152483230341087045e-02
1.028937405559486552e-04
1.088977109244682615e-03
5.723037743923615334e-02
6.889670136942754826e-06
2.588124743600815972e-02
3.684838439707926821e-04
2.611943187622675893e-03
1.772461050084378888e-04
3.146801840532967992e-02
4.993068997727793208e-04
7.834249658188900678e-03
6.786834004775014854e-03
4.543266137778856351e-02
8.892590276102371131e-04
1.884706555601428678e-03
4.881345373283960815e-02
5.405829574749045194e-05
7.004545071889590026e-04
9.946125631967631488e-05
6.498035256267429248e-03
1.343719687017964903e-01
3.800180159792055680e-03
1.736768294423699649e-02
7.906375271085482395e-03
1.864901458194311945e-04
8.190193194869639431e-04
1.642034051156186086e-02
7.809698520352466745e-04
7.552087238811086437e-04
6.893436393537630269e-02
1.373840763067892380e-03
3.047116374762453921e-04
2.734549883574985407e-02
4.444530864287460914e-01
7.350406455022558128e-03
7.886207412145456548e-04
2.046255139502434206e-01
7.996457844838962548e-02
9.429486340822713746e-04
6.103522912252189701e-03
5.692257770049668174e-03
1.278229337575987321e-04
3.106721583066914417e-03
5.231615790495291248e-05
8.518983564308161985e-04
1.412790884959162730e-03
1.773157808776972683e-02
1.490963985013694188e-04
1.544131758857744674e-01
2.553907436536732877e-04
9.046241649702565623e-04
3.961914411037959285e-03
3.233546250630181876e-03
2.420662798402343878e-03
1.259089233024529401e-02
5.396852252305265382e-04
2.993474003462050920e-02
8.990955198577307850e-02
2.128599051756690412e-04
2.524657216581408003e-04
1.841601903230773651e-04
2.253261245397088393e-03
4.471192510205975607e-02
4.705803820356915801e-01
2.169734748368290847e-02
8.343495395484834369e-05
6.371765247759369382e-04
5.098536871689332860e-05
1.182386442081361866e-03
2.674965249831191480e-02
1.839706754034272393e-04
1.533904991145679849e-03
6.353026756105303267e-04
5.126167225224244339e-02
8.809747244292992496e-02
1.877052784368860483e-04
8.040575405632644553e-04
6.805290380529667171e-01
1.262754561365248829e-01
2.614149360638154504e-04
4.468412203969019357e-03
4.100064415821675647e-04
3.299388433109373686e-02
1.332199422457263022e-03
2.235138849448406809e-02
5.306573239914573470e-02
2.193537603556161824e-03
5.698021369273534656e-03
8.896707944322615772e-04
1.385274301024918891e-03
1.444771074079800855e-04
1.148422693793788724e-02
6.816259837212018755e-04
9.528432410170168537e-03
6.645114623128595523e-05
6.417847908100214778e-04
2.925723479471272880e-03
1.819165740928334164e-05
1.615660936926961245e-03
3.615487558034412297e-02
6.712388852462137046e-06
3.055626407772613507e-03
1.164453309325563929e-01
9.077622435193388089e-05
5.542723903252097300e-04
1.061606054670909821e-03
2.534130308856590019e-02
1.823506521873461891e-02
1.495704072159107639e-02
8.654971251479525590e-03
9.587977486368917668e-02
4.626240955982429391e-04
5.713784889460588046e-03
1.605090022146836003e-03
1.770537095853340435e-03
2.071125141555437144e-01
4.723004447330906956e-03
8.225422085332181454e-04
1.443928507651268817e-02
2.561151127587091725e-04
5.202524351066982813e-03
3.268945746543470613e-05
3.884178998515142164e-04
3.263809600802537714e-04
1.347694841199845520e-02
5.153030456886024090e-03
2.619468486939450363e-03
2.471721900753657501e-04
1.494086988518868045e-04
1.521963581872477810e-03
3.779281315160536777e-03
4.139926579669788234e-04
8.020189686879779234e-03
8.331739488611222128e-03
2.062704575396522315e-05
5.229327258229147244e-04
4.411111285612341127e-05
2.491591628450179063e-01
2.049904894129252544e-02
1.988681342943688594e-03
6.432731714669165241e-06
1.478322491341424157e-03
1.256168910516721913e-03
1.258366435414718099e-01
3.728992418588173113e-04
7.230849001482179581e-05
6.605273148991076468e-03
1.139458545408877877e-03
3.830319937917044393e-01
7.439046450738113006e-04
1.110771892976368611e-03
1.248396936226911323e-05
3.493259481078511090e-03
3.570819400390281076e-03
3.348964497317836499e-03
1.712103785164688363e-01
1.960841839376580454e-03
1.296428935956417117e-01
8.698607377550415798e-02
1.038520933555963505e-01
2.449654833847654187e-02
3.048689757415926072e-02
4.273630978048965218e-03
4.900065100483520265e-03
1.922072005896914570e-02
1.379846170622263564e-02
1.963241367698527560e-03
1.689076794956175520e-01
6.639387417552947580e-04
1.128602511030402030e-04
1.432044315097366800e-02
8.456459102099204679e-04
1.610413064723215278e-03
4.994528919344682879e-05
1.995475006441621135e-03
6.793730426431843824e-04
2.307637629775478806e-04
6.753714768023368065e-02
8.580036202808403675e-05
4.757938741977391171e-04
7.034426156549777875e-02
1.250545189935703683e-01
2.227515422089938399e-02
1.253838207268820684e-02
6.242815468211359090e-03
2.740026874157280423e-03
1.515478997777524456e-02
7.715758273130116258e-03
5.644590919560160680e-02
7.829079352370174605e-02
3.171245319339636992e-02
7.215392025661799234e-03
4.907742413096075236e-03
6.559085573663615831e-04
5.086405730137725216e-05
5.319983384240839150e-03
2.985917836830740205e-02
1.958101719792991816e-02
9.022975415797844859e-03
8.701562849153044246e-03
1.188683561963833814e-03
1.296612363515731560e-03
1.127055051437916150e-01
4.640546640455082798e-03
1.987825253038786027e-03
5.009494105273709641e-03
3.467887409158165474e-04
6.062849995684572307e-02
5.122754606397335320e-02
4.616816736690438489e-02
2.783389465404058002e-03
2.158589081477393663e-03
1.892796780317151147e-03
3.156445791611500046e-02
1.503117587117405035e-02
4.140163521080948011e-03
5.694390143413574981e-03
3.411150569597060089e-02
2.671289082298939233e-03
7.388771388978731744e-03
4.006718379499116245e-02
1.112330539400987507e-02
5.390374028242822817e-05
1.454707388476241155e-02
8.041818856752164929e-03
1.804702401568428942e-03
5.548616276440345579e-03
1.398138867670500537e-02
8.392882660112119808e-01
1.881825864963413211e-02
5.372552504386399197e-02
2.850992933711241767e-02
1.452258695894114576e-02
8.081315528053797242e-03
1.434574087525464503e-01
2.210007149551194180e-04
2.634182489063803339e-04
1.774896411725264758e-03
1.019876494628525060e-02
1.873269613046748064e-02
4.732112636509748678e-03
2.710495060129217626e-04
1.574098979763822141e-05
4.275868328522313896e-03
1.195137461386295424e-02
8.707177749164881470e-05
5.074819752662975553e-02
1.871539267911490403e-02
2.077777083023856289e-03
3.891071813109709299e-04
9.041103642388585715e-02
2.176470569101889366e-02
1.782319804002605035e-03
9.850060740365500569e-03
1.565464457740574963e-03
9.306449111775852087e-04
4.125759323989601317e-03
9.418738826380903010e-04
7.042042444440876556e-03
1.078412038322823854e-02
9.620967649440283209e-02
1.311344845683395910e-05
1.503848665621755620e-02
1.189636489716774242e-01
1.685298438428653803e-02
9.175940461487031366e-03
8.813108296498700645e-03
1.359482191951304382e-02
6.456750586421728917e-04
2.013759576673768148e-01
1.944395323417906843e-02
2.599053886496136001e-02
2.367511486218395068e-03
2.187864900750757921e-04
3.621142926240644342e-04
2.008179398885688235e-02
3.631171833468736180e-03
3.373919868722975030e-02
7.121312771424361053e-05
5.334317039772483449e-02
1.199174952260861969e-04
1.975091750973854282e-03
1.813039101717447196e-03
1.979395678039540252e-02
9.472428695917210761e-02
1.013947034138424795e-03
4.412822015600488187e-03
9.665583296018289685e-04
7.142185002603720792e-05
1.293153119803538628e-02
3.327560066153534713e-03
2.216714052866865237e-03
6.919731102926659745e-04
3.716636179613212049e-02
1.663194343896159705e-04
1.841156719197345470e-02
1.992265655401664198e-02
3.339198742886954489e-05
3.050530144980096586e-03
4.014869732820607745e-02
1.388827252121989982e-03
1.431015515637738047e-05
5.123783466796713723e-04
7.918878535550790201e-03
5.874811993046344773e-04
1.414704716862581479e-01
8.131593108953724192e-04
5.441972605386541026e-03
5.147732513817028337e-03
3.483653820998346747e-03
9.555002663014281166e-05
2.502450308731058760e-03
3.363850795117516446e-02
2.745583797618845762e-03
2.729328590662927472e-04
1.437360120867609697e-02
1.627979050367006457e-04
2.192897164495134082e-02
9.308711784769639619e-02
1.545613783735502917e-04
4.246956206733912623e-05
1.695711945270773346e-01
1.139825599349923863e-01
2.396810314074692474e-05
3.309982502232296057e-04
3.305673117303609132e-02
1.574386075970713979e-03
7.043048048906760950e-02
4.548099702323561699e-02
8.778122826878674567e-02
1.098768522729381414e-01
8.491100922739043544e-02
1.520249055683366331e-02
1.221060288966773681e-04
2.877060633505542850e-02
6.359768691459431885e-05
5.129513031130736485e-03
6.454496097668179777e-01
1.238791192362296255e-02
3.943873217855327629e-01
5.851200644260015106e-03
1.548702781455176154e-02
5.018014973325331868e-06
2.415777381955126193e-05
5.169801610083023247e-02
8.551116990820328834e-01
1.770422798375405338e-01
6.034502697708106749e-04
2.106147123577328329e-04
3.288615348276224641e-04
4.722182802609815183e-02
7.288668957475288868e-02
3.897005089561144894e-04
4.261156201037822472e-02
4.166042916332887182e-03
2.726393019260061057e-01
1.461316610611385286e-05
8.979195830887540990e-04
1.058620045993338232e-04
3.017374883279042713e-02
8.806034795222504943e-03
1.734991769742491065e-03
9.612989674656022276e-02
3.038341909269439908e-02
3.318016187740792334e-04
4.250571759087776180e-02
2.384993705228299118e-03
5.285486283979493050e-02
9.588678416998102083e-01
1.749630618295803944e-03
3.176445189476526554e-04
2.190707460067798928e-01
6.079113342294069078e-01
1.366524959116978584e-03
3.460795478233399730e-04
1.486960611186307832e-02
2.445480895487340840e-03
6.890229739143043097e-04
5.926521880313536522e-02
4.069445443084401294e-03
7.831529072193426852e-03
7.270887722110744647e-03
9.850360030519395016e-03
6.557397823862434749e-02
5.179267040610930489e-02
8.585633451754552615e-05
4.454771666537314006e-04
1.385010801892331504e-04
1.842994636345523726e-02
1.628835967471830432e-02
3.466216139544947908e-03
5.094875177406424371e-02
3.474664396270420175e-02
1.778869577020743883e-03
9.298444874785151762e-03
9.524814202944530128e-02
9.818509670377769359e-04
1.078440832749633094e-03
1.495936606169164830e-02
5.129828343056021256e-02
1.125467045433158758e-03
5.142939667715489688e-03
8.873800595289919836e-04
1.002645484120585385e-02
5.133987614411513216e-04
2.696577793332014146e-03
1.237195895485685186e-04
5.100013206189116808e-04
5.697571667107540882e-04
9.918165444902640390e-03
2.141370506489831058e-03
1.800664999705376638e-03
3.000661677149144557e-01
5.640856224867552005e-01
7.753304750787434751e-03
1.132747463068866240e-05
4.775736930412349639e-03
6.037018211825965520e-03
4.323607773640806185e-04
4.606741436041094859e-03
1.174494659637634886e-01
6.279880232529575076e-04
1.675298812685820787e-02
4.287042145505302708e-03
3.333106683619111582e-02
1.046215513539841427e-04
7.734273530209026699e-03
7.711714380117926006e-04
3.406756336986043170e-03
5.128033994570302141e-04
6.317232329417180482e-04
2.831842127537508871e-04
1.851992873110519175e-02
1.972286512682058096e-02
6.796207167099979629e-02
1.284625208787208185e-02
3.095685034936891417e-03
1.392627185661731879e-03
2.517210554318830354e-02
6.386886120837819147e-01
3.250500878788960268e-02
9.649128067126493472e-03
8.439723582212486875e-04
1.484695795429083779e-03
6.098125644389886316e-03
2.869113374697121379e-03
7.213749691686578659e-04
5.288172892270444434e-04
5.402914100286304415e-03
1.431189671370089542e-04
8.720124838160090916e-03
1.489828848239676921e-02
3.743223077621300287e-04
2.420283613111724394e-02
2.188413706934509706e-02
2.445849254796285898e-04
1.280764889990209342e-04
2.225379115323759642e-03
3.206896777322294084e-02
5.256504323526544481e-03
1.536238799943551864e-02
1.119795138691719169e-03
2.569492405374534764e-04
7.544692876986095267e-04
3.296770640383931404e-04
2.500129019743562385e-04
4.369359526437240765e-03
2.590457128766702199e-01
2.909031054476603206e-03
3.328614503315947652e-03
6.071673561296141164e-02
7.333817230600382393e-04
4.181200832108200854e-05
2.406205739679310451e-01
1.849985780930420501e-02
2.379838453884755914e-02
3.637844254913277786e-02
4.649746466771679886e-05
2.828156126219547907e-03
2.631586720857771039e-03
8.090383058737597721e-03
2.227533865561966975e-01
4.532098383387930698e-05
1.591891098311442329e-03
1.852477173866017360e-02
5.264332439227602245e-03
2.871898014417317567e-05
1.923156105579239879e-03
1.733113453943192599e-04
1.013639464941171707e-02
2.190008743733204595e-03
2.126499665290361440e-02
3.211105336780092218e-02
9.580316420311275893e-02
3.486922668013417992e-01
1.345518992963645527e-03
1.969156337966954384e-01
2.602524487875936855e-03
1.759423522164168434e-03
4.663819261181748575e-04
1.031464178804664410e-04
8.619141590382844997e-02
9.575909083916877694e-05
1.302058179813579512e-02
1.840777801460135796e-02
6.071301108456343167e-03
7.906818622200371960e-02
6.005984779398269163e-02
2.463185918729725982e-04
2.264326677015083070e-02
9.509164050753251174e-05
1.115973481514404964e-05
6.147508870783417257e-04
1.527501117044744242e-03
1.055240068514517885e-03
3.860990751643229987e-04
6.004749952580965694e-02
6.068245324908993045e-04
6.594883428526902014e-01
5.369221150333822407e-04
2.960295246243277445e-03
4.141591267547579383e-04
8.048137133085641595e-04
3.811582448171297157e-04
9.143271535484338852e-02
5.046046208296928529e-04
2.649963063349766810e-03
3.168943008048084597e-01
9.005272916022074746e-04
7.242778109939981444e-04
1.637338652050415386e-02
1.598470216685764916e-02
1.527682598927958919e-03
3.455440180263064510e-05
3.654933222032379862e-04
4.982361665703692946e-03
1.905146006745157415e-04
1.649894594334955222e-03
6.909817457835020285e-04
7.465353380087678872e-04
3.686443175710106155e-04
4.004415392289801764e-04
3.112454724490784815e-04
1.478145235802212165e-04
9.128180223789071970e-03
2.344445442617226413e-02
1.565838457082970546e-04
3.132933812516149330e-01
2.116277696023109722e-02
2.955990452780928555e-03
2.955466411021539629e-03
4.159224741066924833e-04
2.999537424841432209e-02
1.538891826533511469e-03
1.808518103076715193e-03
3.407580879563502983e-04
3.372980204552524230e-01
9.281986085290624272e-03
6.644778115795298319e-03
9.606529357653547339e-04
9.670253637581290585e-06
7.461035485985360871e-03
8.677395792713375701e-04
1.779295492919526721e-04
1.531223836619227197e-03
5.976680229873225465e-05
5.134882774294667607e-02
1.320219860243095154e-03
1.509788751170127175e-01
1.289848569253253079e-02
4.297665308666887701e-02
9.786049870277111883e-04
5.065436059375835395e-03
3.025397539662540436e-01
1.131564983994812331e-03
4.806031508919906756e-03
3.465295850921945586e-01
7.509931586563369128e-03
9.588332148284136843e-05
2.498470238248459707e-02
4.476326743268550963e-03
8.232743105058280483e-03
1.914172748262166907e-02
1.041344173654761875e-02
1.244081660451588293e-04
4.633877119880887123e-04
2.295701121355797972e-02
2.320635490755174613e-01
1.608492508889954736e-02
1.468653742311335766e-03
4.414570813127842441e-03
8.524233227540862004e-04
4.316120351973943160e-04
5.456655823210049966e-02
6.424747923627189827e-01
1.431196098714763824e-04
1.645022684537319189e-04
6.891578384024466724e-04
2.850250273595608327e-03
1.502345172230252612e-03
2.392657861431550840e-04
7.245312923270208830e-03
7.877066088997154714e-02
4.938315231744088152e-01
2.238659702994473283e-04
2.885367008664778410e-02
1.428141161622959333e-04
4.469993249912875347e-03
9.555503992207668371e-03
1.119058788278393286e-02
1.407907123002638539e-02
1.718262335494067372e-01
2.343204153813827659e-04
1.485971069581227275e-03
7.807646153873385071e-03
1.765461517639645983e-01
1.515087487528411824e-04
5.226324646193320281e-03
1.439209755662946560e-05
7.880388952414477252e-04
1.470337423006278605e-03
1.654490488388022512e-03
7.480736010084468183e-04
4.547404923395473308e-02
1.366943725371959967e-05
2.126237034254505748e-02
3.277170627543310216e-04
9.282558389099282090e-03
2.986536189431101586e-04
2.036648802667734987e-02
3.089923456891752185e-02
1.350136528560610116e-01
4.241150587552280872e-04
1.995554996838977135e-01
1.122488768498126760e-01
1.906597718018245291e-01
2.995776302717738371e-03
1.394528075653834465e-01
6.985880783963036500e-04
1.704464514232600370e-01
5.016861970616088434e-03
1.157334894225270534e-03
3.902708990310235690e-06
1.265793670979471937e-03
9.308092285363663704e-03
2.083040174703358095e-03
6.035628191387810981e-02
1.607622469112043179e-02
4.736653683175694358e-03
9.136254493805674205e-04
2.358066425402553096e-02
1.182467534435012978e-02
4.350122337200368339e-02
2.838185765576460920e-02
7.984168748968945711e-03
5.044813177987550468e-02
9.719881495491470647e-04
3.730190217629395281e-04
2.023736938521743874e-04
1.830777387632092496e-02
9.807444446761237611e-02
1.819345872625198826e-02
4.027568172702520460e-02
3.869180770342506986e-02
1.613137304745730877e-04
1.341623819684985590e-03
4.861295669666669192e-03
1.956543641750405349e-01
9.430500478476612145e-03
1.347564788030408411e-01
2.448301050057696219e-03
5.339891674638253503e-03
4.960804341394829155e-03
2.199812595059892281e-02
8.136498527499595040e-03
9.756390931820459536e-03
6.138873804898615366e-02
2.846683187287789036e-04
1.180289959103272487e-02
1.485502629964947485e-03
6.177204984470954080e-05
1.951773902699208640e-04
9.169458975205652031e-04
1.581577460939123973e-04
4.157470571248353224e-03
2.108161916098400326e-02
1.558664806162298128e-03
1.083795460662752286e-02
9.128185006743691791e-04
6.796576485914637873e-03
1.134534867892387491e-03
4.521337762792645987e-02
7.357217473922410310e-04
9.862389177531003526e-01
7.017753362313757176e-04
1.543016716996053594e-04
4.688332181112718705e-04
3.908916466194714903e-03
6.172681558407827618e-01
1.214107278777098271e-03
1.878901620349364768e-02
1.731243962170197354e-02
3.906585213142001883e-02
1.283354881387256501e-02
2.646649897146182220e-02
1.782236744696063038e-02
1.286108060912467821e-02
6.035565845239245462e-03
2.861044694453997324e-04
9.362784710730844701e-03
3.017692873829233569e-02
1.291420780076729148e-02
4.250060833919018532e-04
8.117037376864840456e-04
2.039339319560773932e-03
1.448238362693795699e-05
1.755110470127456326e-03
3.047831932182762035e-02
3.588143184089326483e-03
5.436344822724577339e-04
1.825471587625456665e-02
6.052258628143559333e-02
3.841971846068965163e-02
3.781709508439641543e-02
6.301577143018674424e-05
1.551951552214187249e-02
1.262718617983846735e-03
1.518459953618345529e-02
2.159573845365470902e-03
8.952515037960484881e-03
9.994010084617502288e-02
1.287085445383167291e-03
1.487065006577273970e-03
1.820829739025708622e-03
1.528315069276625082e-01
1.046641793891489749e-04
3.494603204665685430e-04
2.475429979667412642e-02
2.927014925744936464e-04
4.845548526608816076e-01
6.700124299738710598e-02
2.458443276661871971e-02
1.063807211639635018e-03
1.361261491710125853e-03
8.226250933554725767e-03
4.659494947819031035e-02
6.104638831776329141e-05
3.671928294710521696e-03
3.148885068148864728e-03
3.561524079186322803e-03
1.949284463876646860e-03
1.187508885265343810e-02
5.679327735076018790e-02
7.782154601170263031e-02
2.397392660987616303e-02
4.501341332519534499e-02
3.114463021007071204e-05
2.539801835843591448e-04
6.829786310308458633e-03
2.910981853530412999e-02
1.402762637765711008e-03
1.263418423861928895e-02
6.080107418386920121e-04
4.094514271661609168e-04
2.317620259055341251e-03
3.776674795502302923e-02
1.747761448492155759e-03
7.222919850694258480e-03
4.741661878459193721e-03
3.707823433980593931e-03
4.620667160651571921e-05
1.153921733686770756e-01
5.773843757657368993e-04
8.862311614631092002e-03
6.962423236077183546e-03
2.016761174041337493e-02
2.585405467544053121e-02
8.798249858550724611e-02
8.926962849839180023e-03
3.172600065999343932e-04
2.315978206901393721e-02
1.161420618467565342e-02
9.087149618659938911e-04
3.779488621781240952e-05
2.543990465966606065e-02
6.349855981440581318e-03
6.367679943630959183e-03
5.143008169566157251e-04
1.268663319717860808e-04
1.548087275623808712e-01
2.787773502910318758e-04
3.031824479017584123e-05
7.601860551015892959e-05
4.514675058876776829e-03
2.933207885861215114e-02
3.261719496808009391e-03
2.701691318202232295e-01
3.882848192646350116e-02
4.246504516152781877e-03
1.056683971497637646e-03
1.207448639905034718e-02
7.971933644079458661e-03
4.934391616325660423e-02
7.671145015938483046e-03
4.908323086662112408e-03
1.819402000764965277e-01
2.395001990368764502e-02
5.328983499992180362e-05
8.997790790153259314e-04
3.639415366122739342e-04
4.642581471019929665e-04
3.035272988444230949e-02
6.626861783670972059e-06
4.321220596205510708e-04
6.576111350222192328e-03
1.290953908194217119e-02
5.771028782565348347e-01
1.274071761805594890e-04
7.414995182127476258e-04
2.344512202247645265e-04
1.481408914582754788e-05
1.364140522563512571e-02
2.368022355015866540e-02
1.717260192627473509e-04
7.752783768546254173e-01
1.933932856443839699e-04
1.253456370789944444e-04
8.019765715567271983e-03
2.310546761139856825e-02
1.865689366626648981e-03
2.667643638729413208e-02
5.460433625965247645e-02
6.833513785842269990e-03
2.496658385036779385e-04
6.387036322490431727e-04
3.899789710942934374e-04
2.970867789208075579e-02
3.753845200583119895e-04
4.165262085808566286e-03
5.975482142580746531e-03
1.040522792418373255e-01
6.207896406754390140e-02
5.924332753920963889e-03
3.032855004700503801e-02
5.733589126380312338e-03
4.243104029457105304e-03
3.958191227253420952e-04
1.768877105395248977e-04
5.088362700092071908e-04
9.404312447627868887e-02
2.358516806166220670e-02
1.036788087882263044e-02
6.633659183143681727e-03
1.079734816344793142e-03
3.708060651013125181e-02
2.986456683264133820e-03
1.639774001161923298e-03
7.583581073663109295e-04
5.007080343560018802e-05
5.853124674496705364e-03
4.193497842423135993e-05
9.722042164584399895e-04
2.653387217307918728e-03
3.567007160418549615e-03
1.215999101945752434e-02
7.688062845449288767e-04
1.966059220997928489e-04
1.462567575299954063e-03
8.549011576342926966e-03
1.495033744404598297e-01
1.743382441003676203e-03
2.086807395219595317e-03
1.102534919225827765e-04
7.488146512527382509e-04
6.713096876892802288e-05
1.276419408625691001e-03
4.322882864643547846e-03
9.406929730421398350e-03
4.883926143468256265e-02
1.394184744403555720e-01
3.760137099335706637e-04
6.984658576444060163e-04
1.831341970613145978e-02
9.093224155292681937e-03
2.233749688007709115e-03
1.992347524125562340e-04
5.824085404104176666e-04
7.971940662604604273e-04
1.417939028391028899e-03
1.394303399494161658e-03
1.311067412663508708e-02
2.299259324285347073e-01
8.046136969132358652e-02
1.753486850646950729e-02
5.490324800805242850e-03
1.737919723969270566e-02
6.629204003434185070e-06
3.008939853150098889e-02
5.309372407302199726e-01
3.059100459818298590e-01
2.282551114204216594e-02
1.235705146292859745e-04
6.939039739487991602e-04
4.657167577394796289e-03
6.315527988661669709e-04
1.142487550953466362e-04
2.324687111736773240e-02
5.475514662060418326e-04
2.144739957072375018e-03
4.509155247172026704e-03
7.505716108945451352e-04
4.885344103617226576e-03
1.570275121674279204e-04
1.399759430648550226e-02
5.064999173004090804e-03
9.595386593365701645e-04
1.000003392064653246e-01
4.553171099218318307e-01
1.793873479508772614e-02
1.468698045078830694e-03
6.029226810193813457e-03
8.973273504010293551e-05
8.742280815778175063e-02
6.339629275114910725e-04
2.431095577978375707e-02
1.356475541716905819e-01
2.394839293309320161e-01
1.175839323704720068e-03
1.999098183771219339e-01
1.879234326611344983e-03
2.257196575029232397e-04
4.541027176549511553e-03
1.134212007045521504e-04
9.413149063317986787e-02
1.814541410916210875e-05
1.000766620315721904e-04
1.291040671318411585e-04
2.222405917607627737e-04
7.608319133867177215e-04
1.448713440605484300e-02
6.319695293073105020e-03
2.133590588254777320e-02
5.903945464745169285e-03
2.984242477571824037e-01
1.090779187448700713e-02
1.480797181851185428e-04
2.369471450599881573e-04
4.883241096365101286e-02
7.601574452787073454e-05
4.338729061070076450e-03
5.787851046452201784e-04
2.910540725223098894e-04
2.789827610567803540e-02
2.485461216311903509e-04
3.584693707197478263e-02
4.948653326108515965e-02
4.010971772452530219e-03
5.190035663043997272e-04
2.032414377312528886e-02
3.747753467706403663e-02
4.801421051916963945e-03
2.906356859880671051e-02
6.180425139955895639e-03
4.851148244362377886e-04
1.396534076905673943e-03
3.253551229395118061e-04
1.136505103464210097e-02
1.385674516274341706e-05
3.875398095513370601e-03
9.036341313390846024e-05
7.866495408334647603e-04
3.967804316197034442e-01
1.248983091673161114e-02
2.623199863063490136e-03
1.716384945473603378e-04
1.415903240071624512e-03
8.631625607962586932e-03
1.138292399779983156e-03
3.410686370866773068e-03
9.365467618617721868e-03
1.396360127404497570e-04
1.363679677908718156e-02
2.878969059316493356e-02
9.553566820846419727e-01
5.241474876774775415e-01
8.903483224664319184e-01
8.353002698606706300e-01
8.670707293517524450e-01
6.052299067222154105e-02
3.099448616073095519e-01
3.483363064145849064e-01
9.565343042897826997e-01
3.885932104877375115e-02
6.553724257343019888e-01
5.978130166933885992e-01
4.465584754046569155e-02
9.651142560538589210e-01
8.467511169552917050e-01
2.745848240667551204e-02
8.246597437713657497e-01
6.705831692628453355e-01
7.586874929699234382e-01
6.246350021094049243e-01
3.262250223827131146e-01
9.872531299934410587e-01
8.927637734145361659e-01
9.096136411622300633e-02
7.861906366934614532e-01
6.603972613786961432e-01
4.868623525562958965e-01
6.446891207127869450e-01
8.842676061156230505e-01
4.171338038780590951e-01
2.085086397554492543e-01
7.987355177314056087e-01
1.195570757323156652e-01
9.250429374223255730e-01
9.924941105855942247e-01
1.562291553290136303e-01
9.306346210948230890e-01
1.382853100951107750e-01
7.604537155785575653e-01
2.423467128418863581e-01
5.525541281010507566e-01
4.223782035745352048e-02
3.271112247654691663e-01
7.969189504475796548e-01
9.103455478944499912e-02
5.517229845292530577e-01
6.494145923500646012e-01
6.118664566655086512e-01
9.673880571465987011e-01
9.771904964120932124e-01
7.636923013690853912e-01
3.476054223419131617e-01
1.848012416747307762e-01
9.219075319273121183e-01
4.190129378021431039e-01
7.598626944620049395e-01
2.453050678526212947e-01
2.005535292337383702e-01
9.871582792741454560e-01
5.075717291883651283e-01
8.761070781165675170e-01
8.511029048750253789e-01
9.557804233562805507e-01
1.379345318270015774e-01
2.683616447929603743e-01
2.243015289872986595e-01
3.053846793965997453e-02
1.951105048937607500e-01
5.833628332777499592e-01
3.605765696824096977e-01
1.255236554489476408e-01
3.471886445123974485e-01
6.514710620042962752e-01
1.205921570443009572e-01
1.338294505599375572e-01
9.620798646155017675e-01
4.976247507261484793e-01
9.217718974414199629e-01
6.009599806689716051e-01
9.935318093464124978e-01
2.788886263690097400e-01
7.774067902998822444e-01
6.747608807423500776e-01
7.521273440357529871e-01
3.907129187853146113e-01
5.631961049338607417e-01
1.204458852601535818e-01
5.438867413443086996e-01
3.249662193302613883e-02
5.582294795262195963e-01
2.916186579196684003e-01
4.784627941110885380e-02
9.084801182486867965e-01
2.792693647367517906e-01
3.322850735122539478e-01
6.144286471468989319e-01
4.315686604492238732e-01
5.333394829871233034e-01
9.292983082131510697e-01
6.645496988360152235e-01
