1.849953364424689328e-01
1.220791177092688112e-01
1.207852859278099877e-01
1.228427218912929025e-01
9.455383357003749323e-01
9.166822328463064551e-01
3.093723113828279470e-01
9.361830415371112310e-03
2.275558627412229140e-01
1.893130738828961712e-01
1.697399298075165930e-01
1.204080307894893898e-01
8.265533074037463290e-01
9.178535153187127038e-02
8.516397113256513052e-01
3.987170201850494256e-02
2.916344837024817949e-01
1.510439904463785343e-01
2.708835880153375730e-01
6.273139946776350173e-02
1.450786952411745323e-01
2.209632045590260441e-01
1.217282334506482877e-01
4.457694504570797883e-02
2.213137570674912347e-01
2.223133624598751523e-01
3.785960676296132865e-01
9.805251932691151640e-02
9.844233908280076994e-02
1.150523511703527985e-01
4.122508273865999606e-01
5.835676358289104693e-01
7.013397424697827287e-02
1.849199365051517607e-01
7.390333719588360051e-02
2.900645589183200035e-01
3.640263868599235009e-01
2.808386199946011352e-01
1.038725396490388087e-01
1.818641029569860457e-02
2.285281431103278194e-01
6.809466673537983850e-02
2.028854540614740132e-01
3.156093273908370800e-01
8.909837506854943745e-02
2.237065399351570449e-01
2.562076770460339770e-01
3.695713955113361093e-02
1.410424775481327053e-01
1.568386910614628094e-01
9.317855736275649781e-01
7.358836220573317100e-01
7.833305511137140797e-01
8.592675183980463816e-01
5.865927220421593979e-01
8.451064927496121371e-01
9.096532624888620244e-01
6.675485712968274310e-01
6.507423230808574433e-01
9.565950918387189361e-01
8.962023738586096799e-01
4.227020748378647608e-01
9.773337762995827349e-01
6.752938616982727682e-01
5.098909784174571191e-01
9.794628846157327207e-01
9.524517931646515612e-01
8.125922099175810764e-01
9.021820064169093767e-01
4.216910694821499606e-01
6.252297751162754214e-01
4.783866354344434302e-01
3.509581977446990519e-01
9.847919188803757606e-01
2.575119969724747326e-01
8.466291311123862462e-01
8.244665083032511887e-01
7.249136085905596438e-01
8.390147645123446907e-02
7.632555577053894424e-01
7.534911242543989029e-01
8.903322685824008875e-01
8.931204476814820215e-01
9.624907485758446013e-01
7.666126801301773597e-01
9.547908324406452207e-01
9.955925617977707809e-01
4.095736114317058418e-01
9.809345611956362676e-01
8.975747091991244098e-01
7.353312134675840106e-01
4.907089546179511097e-01
5.643886817011235513e-01
8.609824513494419573e-01
2.190553063176361726e-01
9.477372869090739949e-01
8.910611574100252286e-01
6.731991920152143871e-01
8.274172540490959404e-01
9.788009688019263521e-01
